       100   784.51046     -3344.9384     -73.310497      24359.513      29.055019      28.93473       28.975304      1.9919629      0.34635213     0.24063984     0            
       200   814.40088     -3339.8041      1013.5921      24397.617      29.019053      28.995517      28.995682      1.9888519      0.39084781     0.31429513     0            
       300   779.28023     -3338.1574     -787.80036      24504.901      28.984166      29.126227      29.027384      1.9801446      0.40730485     0.34213719     0            
       400   779.77056     -3338.3717     -669.7671       24499.704      28.940122      29.188502      29.003383      1.9805646      0.40536981     0.3561129      0            
       500   756.05948     -3338.2283      1205.6171      24387.185      28.845325      29.126315      29.026903      1.9897026      0.42020767     0.34697626     0            
       600   772.29052     -3344.5564      148.19333      24346.025      28.85414       28.976809      29.118526      1.9930665      0.41637169     0.35940086     0            
       700   788.28124     -3342.47        501.26126      24342.908      28.939875      28.818428      29.188079      1.9933217      0.42748333     0.36110552     0            
       800   829.03213     -3340.1864      388.668        24437.819      29.021395      28.762431      29.276461      1.98558        0.42068716     0.35014637     0            
       900   818.02709     -3339.3528     -1248.2876      24619.647      29.100988      28.786377      29.389153      1.9709156      0.40983993     0.36571524     0            
      1000   796.96132     -3338.2032     -1349.9054      24684.483      29.124877      28.871525      29.35555       1.9657388      0.43055207     0.36045166     0            
      1100   802.39403     -3338.7475     -76.860154      24524.646      29.083317      28.979059      29.098763      1.9785503      0.42768981     0.35512536     0            
      1200   823.07226     -3337.9844      1515.5478      24359.695      29.041652      29.094211      28.829955      1.991948       0.4437229      0.36801943     0            
      1300   814.90555     -3339.813       638.951        24402.349      29.051302      29.192771      28.773369      1.9884662      0.42291026     0.3744926      0            
      1400   779.17728     -3335.8968     -760.86248      24543.896      29.081458      29.229133      28.874295      1.9769985      0.4202111      0.37473859     0            
      1500   780.26427     -3341.0777     -279.3497       24559.652      29.073577      29.133631      28.995402      1.9757302      0.44012627     0.35399779     0            
      1600   806.01933     -3339.7851      239.1555       24451.355      29.052859      28.998032      29.023215      1.9844809      0.41977514     0.36341599     0            
      1700   841.03775     -3344.4385      343.64432      24367.964      29.01506       28.913231      29.046857      1.991272       0.4105244      0.35247326     0            
      1800   801.91165     -3339.4784      557.92371      24420.899      29.026509      28.917286      29.094393      1.9869558      0.43660663     0.36005272     0            
      1900   811.01358     -3336.5242     -732.72092      24560.163      29.127735      28.959441      29.116177      1.9756891      0.42447368     0.35494688     0            
      2000   784.09755     -3339.6298     -1058.7412      24535.279      29.18035       28.934702      29.059056      1.9776929      0.41617846     0.3621731      0            
      2100   823.27245     -3344.4754      775.52893      24325.69       29.121716      28.886161      28.917342      1.9947326      0.40737588     0.35958204     0            
      2200   830.01151     -3341.5921      2263.9271      24182.549      29.026943      28.944334      28.783077      2.0065398      0.42611318     0.35909407     0            
      2300   812.52703     -3342.427       165.74824      24353.083      28.988692      29.16113       28.808522      1.9924889      0.41534538     0.34727675     0            
      2400   805.93531     -3339.3676     -2062.891       24646.296      28.973201      29.352779      28.980505      1.9687846      0.4292757      0.36524012     0            
      2500   825.89421     -3336.9115     -1462.3346      24646.116      28.934984      29.240972      29.129527      1.9687989      0.47815615     0.37166916     0            
      2600   807.34056     -3337.9483      944.75593      24403.098      28.870363      28.926171      29.22145       1.9884052      0.45579515     0.40000846     0            
      2700   793.0949      -3341.7051      1635.671       24321.605      28.947888      28.736675      29.237406      1.9950676      0.46492526     0.39391919     0            
      2800   805.39671     -3343.1371     -819.14125      24480.996      29.145401      28.795123      29.170247      1.9820781      0.42567521     0.35788585     0            
      2900   765.44322     -3341.1093     -1440.0058      24550.068      29.293428      28.876767      29.022441      1.9765015      0.42038226     0.36859804     0            
      3000   792.19318     -3340.3777     -382.36826      24421.461      29.258176      28.960463      28.821653      1.9869101      0.40651332     0.35900833     0            
      3100   803.98954     -3337.9839      1796.1769      24300.428      29.166685      29.041844      28.688158      1.9968062      0.41017064     0.35848756     0            
      3200   827.13803     -3336.7944      967.19009      24451.358      29.126118      29.172008      28.777567      1.9844806      0.44350801     0.36991933     0            
      3300   800.72007     -3336.5469     -1173.2959      24651.623      29.112721      29.232952      28.966102      1.9683591      0.45513825     0.40198492     0            
      3400   807.45336     -3334.0462     -1135.1279      24666.532      29.068467      29.137199      29.123138      1.9671694      0.49540092     0.41529149     0            
      3500   806.89154     -3338.5908     -355.4576       24545.816      29.008985      28.975605      29.201988      1.9768439      0.46714883     0.40082689     0            
      3600   812.20249     -3345.4789      256.4888       24383.332      28.926491      28.867879      29.199972      1.990017       0.45274731     0.39309569     0            
      3700   785.08967     -3346.6272      263.31561      24287.849      28.912033      28.817746      29.150796      1.9978404      0.44109759     0.38791921     0            
      3800   809.02961     -3345.5131      1201.2776      24299.739      28.920831      28.84229       29.131384      1.9968628      0.44692207     0.37908177     0            
      3900   803.10566     -3338.6515      742.13845      24466.191      29.007422      28.938925      29.145723      1.9832775      0.44216127     0.39159566     0            
      4000   781.797       -3340.4593     -1741.444       24662.462      29.110395      29.093513      29.120053      1.967494       0.4471888      0.37605543     0            
      4100   791.5249      -3344.2461     -1497.8375      24543.301      29.089021      29.141838      28.952558      1.9770464      0.43539646     0.35245936     0            
      4200   821.90624     -3339.3631      2243.5007      24266.767      28.986314      29.062484      28.806216      1.999576       0.42809757     0.38175252     0            
      4300   821.92412     -3345.4873      935.12203      24341          28.987115      29.069334      28.886727      1.9934779      0.41878706     0.36305831     0            
      4400   771.93798     -3341.6189     -1210.8889      24552.137      29.021522      29.08085       29.091226      1.9763349      0.43847076     0.37079987     0            
      4500   760.07276     -3336.6242     -632.91403      24547.257      28.995563      29.047733      29.144672      1.9767278      0.43631307     0.37503427     0            
      4600   827.69437     -3343.5268      242.11679      24406.268      28.911198      29.002686      29.106975      1.9881469      0.43227251     0.36524536     0            
      4700   813.79539     -3343.1693      633.73593      24334.526      28.873614      29.007314      29.054555      1.9940083      0.43387677     0.36504709     0            
      4800   800.03004     -3341.4999      374.10963      24392.501      28.918043      29.058661      29.027648      1.989269       0.43186504     0.36891949     0            
      4900   802.15963     -3342.6937     -742.30574      24521.846      29.03964       29.137061      28.981188      1.9787762      0.41014248     0.34931815     0            
      5000   772.35172     -3343.5522     -1096.5312      24581.977      29.152509      29.146725      28.930178      1.9739359      0.42735865     0.33711756     0            
      5100   784.56028     -3341.5615     -6.2271973      24491.715      29.20977       29.023989      28.889096      1.9812107      0.43765412     0.36465874     0            
      5200   807.28168     -3344.9629      196.20422      24373.551      29.173508      28.88059       28.928379      1.9908157      0.42083627     0.35719499     0            
      5300   797.64453     -3343.7898      715.19313      24297.519      29.027935      28.777925      29.086154      1.9970453      0.42134609     0.36408111     0            
      5400   802.00301     -3346.9029     -32.363036      24333.19       28.921596      28.747953      29.266438      1.9941177      0.43881608     0.36634188     0            
      5500   783.92377     -3339.4993     -162.49055      24415.527      28.862359      28.851279      29.320353      1.987393       0.44227408     0.37332686     0            
      5600   795.53425     -3339.3938     -124.85235      24481.834      28.838604      29.066342      29.206489      1.9820103      0.44402758     0.38705962     0            
      5700   790.83669     -3336.726       81.894625      24500.564      28.923012      29.15906       29.050863      1.9804951      0.4531784      0.39048013     0            
      5800   825.87614     -3340.5285     -575.12075      24506.819      29.089989      29.164967      28.885634      1.9799896      0.44926145     0.38050145     0            
      5900   786.05802     -3337.8841      497.29636      24460.384      29.182682      29.105786      28.797762      1.9837483      0.43819987     0.38015428     0            
      6000   808.89137     -3341.8284     -15.317135      24455.824      29.135282      29.065417      28.87929       1.9841182      0.42144801     0.36874736     0            
      6100   804.12315     -3338.4128      501.52928      24469.813      29.013911      29.021419      29.060677      1.982984       0.44729284     0.36595024     0            
      6200   796.28169     -3341.3327     -930.84962      24488.102      28.909675      28.954528      29.254684      1.981503       0.42712006     0.38283361     0            
      6300   798.40534     -3344.7609      43.578712      24378.735      28.81665       28.887353      29.285991      1.9903923      0.43477292     0.38780269     0            
      6400   791.954       -3343.1442      850.51815      24337.723      28.853158      28.856404      29.231048      1.9937463      0.45346506     0.36973793     0            
      6500   811.86193     -3340.7057      178.09594      24441.653      28.984027      28.915322      29.163781      1.9852686      0.45937011     0.3839793      0            
      6600   811.58249     -3337.7843     -790.16205      24592.995      29.194552      29.004555      29.043129      1.9730515      0.47767543     0.39040443     0            
      6700   791.99929     -3337.4958     -1448.2139      24656.315      29.290835      29.067854      28.958993      1.9679845      0.44585871     0.37704702     0            
      6800   782.10339     -3339.3348     -218.1255       24488.05       29.167477      29.042959      28.907762      1.9815072      0.4512392      0.39350376     0            
      6900   804.37841     -3336.8422      2263.14        24295.156      28.977033      29.008085      28.903253      1.9972395      0.48275319     0.39655367     0            
      7000   805.81422     -3339.2237      596.68965      24385.05       28.918724      29.034617      29.042127      1.9898769      0.43905713     0.38801373     0            
      7100   771.94003     -3336.8329     -1877.6901      24586.265      28.934349      29.039175      29.261364      1.9735916      0.45861288     0.39501714     0            
      7200   784.60232     -3339.9536     -1410.0322      24581.807      28.875111      28.972269      29.383778      1.9739495      0.46605908     0.38946159     0            
      7300   802.57337     -3343.6379      286.8798       24377.956      28.78891       28.873282      29.32756       1.9904559      0.47721955     0.40168548     0            
      7400   795.58451     -3345.107       910.10732      24220.268      28.822682      28.808215      29.169448      2.0034149      0.46049157     0.39659087     0            
      7500   788.5919      -3342.2362      1213.2655      24251.038      28.919489      28.885275      29.031081      2.0008729      0.43949914     0.38047283     0            
      7600   803.1404      -3343.4594     -112.29699      24459.38       29.017243      29.049617      29.016758      1.9838298      0.42062285     0.35696445     0            
      7700   772.1923      -3342.1524     -1799.3239      24588.856      29.072003      29.158773      29.00642       1.9733836      0.42535969     0.37473582     0            
      7800   786.07241     -3340.6124      223.93003      24491.189      29.060793      29.153252      28.907823      1.9812532      0.449713       0.37554361     0            
      7900   811.67028     -3339.9706      743.25795      24388.862      28.99412       29.116811      28.889352      1.9895658      0.46385724     0.38664354     0            
      8000   820.55193     -3341.2036      524.87034      24393.411      28.951181      29.12177       28.932669      1.9891948      0.45793561     0.38750554     0            
      8100   798.79025     -3338.3166      599.97782      24483.438      28.968299      29.164764      28.979504      1.9818804      0.4389798      0.38729252     0            
      8200   789.5313      -3337.3684     -1410.5597      24616.988      29.023429      29.192288      29.054812      1.9711285      0.45802045     0.38196901     0            
      8300   810.37686     -3335.0783     -570.28276      24570.365      29.082408      29.064998      29.067719      1.9748688      0.4628329      0.36774271     0            
      8400   800.05642     -3341.4149      1165.796       24424.295      29.136614      28.873519      29.03242       1.9866795      0.44734855     0.38653459     0            
      8500   771.45719     -3337.1788      187.66146      24459.854      29.232167      28.823221      29.030221      1.9837913      0.45048508     0.3767382      0            
      8600   806.65643     -3337.068       488.29475      24574.58       29.318453      28.866308      29.037138      1.97453        0.43786661     0.36016467     0            
      8700   785.71593     -3338.8065     -1851.884       24700.401      29.314681      29.017242      29.037733      1.964472       0.43827552     0.39561142     0            
      8800   781.26648     -3340.0382     -805.23609      24551.195      29.151181      29.117778      28.923993      1.9764108      0.45596932     0.4051291      0            
      8900   807.14487     -3340.0671      1711.8249      24270.444      28.927769      29.141979      28.790137      1.9992731      0.47831737     0.3954641      0            
      9000   797.36812     -3345.9152      783.3381       24254.263      28.847531      29.147772      28.845234      2.0006069      0.42197144     0.37619562     0            
      9100   833.75976     -3343.0073      352.40005      24424.519      28.931725      29.074328      29.036348      1.9866613      0.44405994     0.37848559     0            
      9200   810.80915     -3339.0928     -1920.4113      24641.478      29.088294      28.987186      29.224187      1.9691695      0.47304229     0.38553148     0            
      9300   802.97702     -3339.274      -946.94776      24605.722      29.16016       28.846422      29.251912      1.972031       0.47112925     0.38867534     0            
      9400   768.99988     -3339.3835      308.75856      24412.825      29.118407      28.791944      29.1192        1.9876129      0.45260213     0.36755583     0            
      9500   829.01451     -3347.8036      200.04701      24300.434      29.038581      28.868798      28.987445      1.9968057      0.42957508     0.35367369     0            
      9600   815.5268      -3344.4197      629.43909      24333.478      28.970402      29.038277      28.925364      1.9940942      0.41188546     0.35413331     0            
      9700   820.2257      -3348.3097     -1194.1494      24447.246      28.976689      29.14008       28.952791      1.9848144      0.40206003     0.33898076     0            
      9800   816.62409     -3340.8191      5.891219       24474.525      29.01548       29.075565      29.010576      1.9826021      0.42709234     0.35025672     0            
      9900   809.4853      -3333.5923      558.03023      24517.298      29.074632      29.016398      29.06129       1.9791433      0.42190261     0.37114059     0            
     10000   781.75953     -3338.3623     -984.39086      24587.066      29.125834      28.981173      29.128115      1.9735273      0.43513015     0.37665138     0            
     10100   824.66022     -3338.9575      255.60782      24532.74       29.131023      28.956924      29.082912      1.9778975      0.44571784     0.38517179     0            
     10200   822.39949     -3340.7971     -79.76917       24441.253      29.090588      28.970441      29.001193      1.9853011      0.46407925     0.38399067     0            
     10300   818.32357     -3343.7929      367.6311       24372.199      28.989311      29.041714      28.949068      1.990926       0.44942079     0.37979946     0            
     10400   807.82507     -3340.9012      208.2956       24397.374      28.928916      29.125577      28.955854      1.9888717      0.45890337     0.41299811     0            
     10500   807.57943     -3338.3695     -280.40355      24475.042      29.017992      29.157506      28.927154      1.9825603      0.49652131     0.40305447     0            
     10600   828.63141     -3339.7262     -830.42246      24526.044      29.156675      29.146888      28.860066      1.9784375      0.47869825     0.41557671     0            
     10700   832.67627     -3339.7459     -57.655743      24500.578      29.185512      29.1287        28.819598      1.980494       0.47881208     0.42803365     0            
     10800   831.73785     -3338.1785      11.11187       24513.645      29.130942      29.114611      28.902963      1.9794382      0.46025323     0.41166146     0            
     10900   808.24031     -3339.4247     -643.06568      24533.26       29.018273      29.07746       29.075502      1.9778557      0.46661206     0.38793016     0            
     11000   835.72034     -3338.8982      176.83421      24514.47       28.908904      29.035225      29.205569      1.9793716      0.4630642      0.40315475     0            
     11100   827.77786     -3340.2568     -269.17352      24535.829      28.879474      29.048766      29.247165      1.9776485      0.44990861     0.38310273     0            
     11200   785.94734     -3341.2932     -698.42732      24532.687      28.857364      29.091845      29.22249       1.9779018      0.43605656     0.37262734     0            
     11300   795.68397     -3341.8495     -389.13016      24449.267      28.820306      29.132011      29.120363      1.9846504      0.43571045     0.37635638     0            
     11400   808.25097     -3341.8512      1110.6327      24320.415      28.821735      29.08802       29.009265      1.9951652      0.43923586     0.38416242     0            
     11500   800.11368     -3343.0177      350.60192      24340.078      28.899559      29.017584      29.024818      1.9935534      0.44238361     0.36676966     0            
     11600   782.00466     -3342.1335     -425.08696      24431.822      28.963325      28.984954      29.102803      1.9860674      0.45597387     0.38820764     0            
     11700   764.57805     -3340.3904     -694.44453      24460.724      28.955292      28.915466      29.215355      1.9837208      0.48469986     0.40306221     0            
     11800   825.41189     -3336.3672      1075.7951      24405.02       28.90651       28.850557      29.263704      1.9882486      0.45460411     0.40803269     0            
     11900   795.77907     -3336.3134     -84.515093      24494.985      28.95428       28.944012      29.228443      1.9809462      0.47538642     0.40864193     0            
     12000   799.23125     -3335.1811     -959.27         24647.589      29.035346      29.167832      29.103372      1.9686812      0.45893032     0.39417555     0            
     12100   811.04446     -3334.5316     -417.76295      24671.844      29.121332      29.375499      28.840654      1.9667459      0.46793344     0.40209439     0            
     12200   793.68677     -3337.1133     -91.074665      24581.704      29.141486      29.422594      28.669448      1.9739578      0.48238001     0.40235315     0            
     12300   807.77992     -3336.6514      595.0672       24466.108      29.072319      29.301117      28.721097      1.9832843      0.46690186     0.38354493     0            
     12400   795.34677     -3338.0495      330.71014      24427.206      29.003586      29.098692      28.94334       1.9864427      0.44509653     0.38692202     0            
     12500   787.49038     -3338.657       550.47357      24453.878      28.958568      28.944768      29.17431       1.9842761      0.44763066     0.38643196     0            
     12600   788.25382     -3336.3555      357.77537      24482.645      28.976251      28.841298      29.295529      1.9819446      0.47883333     0.40091014     0            
     12700   794.78927     -3341.3678     -483.98226      24489.401      29.025581      28.818676      29.276773      1.9813978      0.48932018     0.39925286     0            
     12800   815.68932     -3341.5937      325.82636      24425.027      29.075153      28.824721      29.143918      1.98662        0.48826409     0.40390118     0            
     12900   775.3153      -3339.9256      944.55498      24334.022      29.064534      28.870029      29.000355      1.9940495      0.46042064     0.38629108     0            
     13000   805.08687     -3342.4885      710.98451      24346.648      29.06596       28.976911      28.90696       1.9930155      0.45183188     0.39831447     0            
     13100   777.89789     -3342.443      -490.55092      24428.711      29.057106      29.103782      28.886755      1.9863204      0.44763867     0.4073244      0            
     13200   795.40006     -3342.6669     -97.19128       24431.51       29.002343      29.129033      28.919525      1.9860928      0.43369365     0.37421562     0            
     13300   808.60236     -3345.0525     -237.308        24384.306      28.924579      29.12096       28.949274      1.9899375      0.42828583     0.35268705     0            
     13400   779.10337     -3340.6198      713.01759      24323.378      28.832899      29.103256      28.98638       1.9949222      0.41329053     0.37175388     0            
     13500   783.80855     -3339.9139      763.34944      24384.404      28.757499      29.147914      29.090658      1.9899296      0.44666427     0.37407301     0            
     13600   813.07015     -3342.5719     -1263.6524      24547.619      28.78042       29.193638      29.21622       1.9766987      0.448244       0.37338896     0            
     13700   795.76346     -3340.5007     -1344.1975      24546.89       28.86108       29.131457      29.195889      1.9767574      0.44154071     0.37288732     0            
     13800   795.55912     -3340.5553      537.64176      24386.884      28.98053       28.970629      29.046383      1.9897272      0.42633057     0.34999669     0            
     13900   814.20087     -3346.5781     -183.78057      24313.714      29.077815      28.902381      28.930499      1.9957151      0.40327937     0.33252956     0            
     14000   801.66903     -3343.4375      373.77953      24330.48       29.172996      28.883385      28.87497       1.9943399      0.41435911     0.33560112     0            
     14100   814.16857     -3335.9637      1113.1159      24442.646      29.24406       28.962606      28.858444      1.9851879      0.43286679     0.36035605     0            
     14200   823.29424     -3340.7295     -1270.4843      24654.455      29.259013      29.102539      28.953752      1.968133       0.42062124     0.37263028     0            
     14300   792.85258     -3336.098      -1690.0545      24670.202      29.148579      29.103496      29.081054      1.9668768      0.46133463     0.37987692     0            
     14400   847.28745     -3342.3446      69.266369      24429.508      28.947042      28.98646       29.114904      1.9862556      0.44015245     0.38231039     0            
     14500   805.68068     -3344.4981      1708.3529      24245.128      28.775725      28.936105      29.117771      2.0013607      0.42932411     0.38704411     0            
     14600   791.11409     -3343.8916      991.03525      24328.026      28.806219      28.943225      29.17922       1.994541       0.44607417     0.37799529     0            
     14700   774.29452     -3344.8217     -1559.2397      24565.765      28.950121      29.010542      29.249878      1.9752386      0.45795146     0.36950599     0            
     14800   772.79839     -3343.3841     -1964.9213      24593.226      28.973537      29.056871      29.212258      1.973033       0.44284299     0.36280954     0            
     14900   788.47161     -3343.1811      685.53599      24311.603      28.880597      29.006426      29.021056      1.9958884      0.4267054      0.36371787     0            
     15000   786.37376     -3345.3662      2035.3135      24112.907      28.928737      28.896678      28.845109      2.0123349      0.42219646     0.3519825      0            
     15100   761.4777      -3346.6857      884.38908      24221.399      29.119057      28.859276      28.822821      2.0033214      0.42380115     0.37387727     0            
     15200   746.76133     -3340.2723     -368.55784      24428.236      29.25252       28.871025      28.924551      1.986359       0.44985114     0.36861533     0            
     15300   805.64935     -3341.6665     -626.34825      24530.66       29.258951      28.883505      29.026895      1.9780653      0.42782839     0.35893066     0            
     15400   823.4185      -3341.9299     -593.35835      24506.506      29.174421      28.926069      29.03954       1.9800149      0.42933831     0.3632485      0            
     15500   817.7277      -3343.3006      196.91225      24409.178      29.039365      28.974458      29.010199      1.9879099      0.43823156     0.35276949     0            
     15600   807.16556     -3342.2447     -224.21262      24411.267      28.951507      29.099103      28.976074      1.9877398      0.4418673      0.38265028     0            
     15700   806.37613     -3344.5349      255.03221      24431.525      28.876792      29.205607      28.969126      1.9860916      0.44946805     0.38509418     0            
     15800   806.82771     -3341.5077      101.71577      24437.02       28.853152      29.247918      28.957429      1.985645       0.44314565     0.39004147     0            
     15900   818.91063     -3340.2199      368.61908      24473.912      28.886722      29.275898      28.939759      1.9826518      0.44855239     0.36332333     0            
     16000   774.94556     -3342.7196     -1275.9312      24511.946      29.007657      29.208406      28.930589      1.9795755      0.43452691     0.36705119     0            
     16100   779.85202     -3348.6896     -410.9559       24359.944      29.047179      29.075732      28.843082      1.9919276      0.44989143     0.38770082     0            
     16200   796.87835     -3342.1632      2172.5397      24179.518      28.985506      28.991489      28.773735      2.0067913      0.46428226     0.39962148     0            
     16300   803.68692     -3348.0368     -100.11042      24306.237      29.011596      29.002191      28.887854      1.9963291      0.43331762     0.37250952     0            
     16400   814.78813     -3346.8999     -1434.0992      24483.553      29.056292      29.011594      29.044417      1.9818711      0.40796445     0.36633927     0            
     16500   807.40689     -3342.9256     -538.88789      24493.481      29.055022      29.021694      29.047351      1.9810678      0.44366173     0.36861751     0            
     16600   796.10625     -3337.8558      731.93004      24430.062      29.068522      29.041996      28.938443      1.9862105      0.42903463     0.3761103      0            
     16700   784.08444     -3342.0809      69.574922      24434.92       29.139126      29.066043      28.850176      1.9858157      0.43517095     0.36817149     0            
     16800   784.3263      -3341.7294     -439.7144       24442.827      29.13479       29.064129      28.865709      1.9851733      0.41556186     0.37131171     0            
     16900   794.633       -3341.7974     -388.15681      24421.8        29.085012      29.044527      28.909736      1.9868825      0.42687492     0.35932892     0            
     17000   813.89832     -3340.7506      273.30348      24417.102      29.040284      28.995779      28.997361      1.9872647      0.40856205     0.34706785     0            
     17100   790.2386      -3341.8057     -427.5048       24467.843      28.97206       28.98631       29.13556       1.9831436      0.43045471     0.36855491     0            
     17200   786.13307     -3341.319      -678.89594      24509.79       28.910639      28.960923      29.273153      1.9797496      0.44947606     0.36904428     0            
     17300   778.7536      -3344.0149     -551.97021      24459.039      28.881114      28.92018       29.283599      1.9838575      0.43101922     0.35412171     0            
     17400   806.51523     -3338.9682      1132.9049      24358.955      28.887092      28.886639      29.191594      1.9920085      0.41733752     0.38159602     0            
     17500   792.33885     -3343.2771     -815.07952      24366.014      28.923246      28.963493      29.086169      1.9914314      0.42012433     0.37703773     0            
     17600   760.4883      -3345.38        240.20621      24323.906      28.975674      29.04193       28.905088      1.9948789      0.43838558     0.35417998     0            
     17700   782.35975     -3343.2678      77.871856      24315.098      29.060569      29.10135       28.751385      1.9956015      0.41544152     0.37628442     0            
     17800   821.04095     -3342.2772      1156.5093      24355.591      29.093274      29.119281      28.749177      1.9922837      0.45537591     0.37854414     0            
     17900   833.1082      -3337.5803     -112.68487      24518.23       29.142533      29.095524      28.915828      1.9790681      0.43557567     0.39497893     0            
     18000   776.43023     -3338.0017     -1837.4737      24667.762      29.187432      29.031502      29.111485      1.9670713      0.44525725     0.39280113     0            
     18100   767.63233     -3336.9945     -1077.644       24581.777      29.128331      28.938036      29.16276       1.9739519      0.45438142     0.40001215     0            
     18200   813.35475     -3344.2486      1094.1732      24324.79       29.039084      28.787186      29.098257      1.9948064      0.45291795     0.37135485     0            
     18300   808.34182     -3346.9877      1748.7135      24207.931      28.988268      28.736819      29.060074      2.0044359      0.4104594      0.35812089     0            
     18400   775.37918     -3347.9959     -200.69148      24312.86       29.005026      28.870955      29.03365       1.9957852      0.38786307     0.35833299     0            
     18500   753.81868     -3342.2876      245.7287       24420.589      29.047016      29.025174      28.965417      1.986981       0.40715209     0.36601763     0            
     18600   781.17078     -3339.3685     -562.16087      24503.163      29.112466      29.142471      28.881303      1.980285       0.44404775     0.38314709     0            
     18700   781.68156     -3336.536       112.82175      24494.315      29.087112      29.204682      28.834486      1.9810003      0.4569827      0.40796756     0            
     18800   804.59469     -3343.6139     -540.20059      24424.531      29.030779      29.196591      28.816112      1.9866603      0.41862218     0.37908531     0            
     18900   840.16894     -3346.1089      678.94817      24319.371      28.922751      29.106129      28.88872       1.9952509      0.42037377     0.36128608     0            
     19000   792.4994      -3339.7011      1396.3593      24377.43       28.851692      29.011799      29.123394      1.9904988      0.43565217     0.39480857     0            
     19100   780.74717     -3334.4414      131.1688       24612.991      28.869297      28.985493      29.413553      1.9714486      0.49158878     0.43093643     0            
     19200   789.92281     -3334.291      -2384.6152      24803.822      28.97674       28.990209      29.526893      1.956281       0.52014254     0.43770763     0            
     19300   831.17641     -3343.1977     -1935.9364      24634.68       29.061899      28.907788      29.322978      1.9697129      0.46907968     0.40471374     0            
     19400   806.13734     -3341.4798      1667.3264      24248.394      29.06792       28.815193      28.949928      2.0010912      0.45141979     0.37814552     0            
     19500   797.39554     -3347.191       1877.3987      24194.365      29.146935      28.870019      28.752411      2.0055598      0.42980085     0.34550883     0            
     19600   809.86236     -3344.5276     -610.87739      24436.333      29.213945      29.026384      28.817273      1.9857008      0.42423663     0.35604563     0            
     19700   799.0571      -3343.2101     -1775.2591      24563.823      29.143392      29.091802      28.972451      1.9753947      0.40923042     0.34587526     0            
     19800   805.51562     -3340.7274      299.23524      24467.941      28.97699       29.061225      29.055627      1.9831356      0.41454165     0.34226958     0            
     19900   792.9725      -3339.8563      584.03655      24402.275      28.889613      29.002807      29.123834      1.9884723      0.42334383     0.36977158     0            
     20000   773.7046      -3341.8562      183.46689      24481.584      28.990754      28.961376      29.158206      1.9820305      0.43114459     0.36164128     0            
Loop time of 755.583 on 48 procs for 20000 steps with 1000 atoms
