       100   299.93381     -3424.2985      421.36399      23028.541      28.46774       28.429588      28.453969      2.1070916      0.10651643     0.085100866    0            
       200   305.19719     -3423.6042      87.217551      23038.364      28.457438      28.466303      28.439684      2.1061933      0.1111322      0.095953699    0            
       300   317.80413     -3423.9724     -590.16309      23108.659      28.475063      28.501184      28.473914      2.0997863      0.10002504     0.093611073    0            
       400   299.31931     -3424.4143      572.71068      23007.173      28.41991       28.466537      28.438451      2.1090486      0.11290907     0.096904284    0            
       500   298.48584     -3421.8787      226.07084      23070.325      28.48666       28.45424       28.461985      2.1032754      0.11594444     0.10004432     0            
       600   305.37158     -3422.9168     -1068.9505      23170.602      28.510202      28.506528      28.509703      2.0941729      0.11471584     0.099531691    0            
       700   308.89276     -3424.3598      1132.1158      22979.73       28.403852      28.470992      28.41614       2.1115673      0.12928857     0.10380238     0            
       800   302.11621     -3423.228      -218.44292      23073.3        28.466947      28.475216      28.464384      2.1030042      0.12774877     0.11290331     0            
       900   307.9726      -3425.8903     -1165.4126      23138.408      28.505855      28.47553       28.50543       2.0970866      0.1164364      0.10191885     0            
      1000   298.38526     -3425.3153      1603.3104      22926.23       28.392769      28.401705      28.430237      2.1164948      0.11717081     0.10381388     0            
      1100   298.06346     -3425.5124     -1170.3037      23121.479      28.447391      28.503843      28.514762      2.0986221      0.11034343     0.096410992    0            
      1200   304.10247     -3424.8042     -149.24845      23070.07       28.488295      28.478703      28.43559       2.1032986      0.11167739     0.096116115    0            
      1300   294.90159     -3424.8817      1086.9467      22964.507      28.459533      28.401057      28.411546      2.112967       0.12384498     0.11111882     0            
      1400   300.39116     -3423.7376     -1426.2727      23180.841      28.495166      28.491335      28.552569      2.0932479      0.12174657     0.10399574     0            
      1500   304.17941     -3425.2859      326.04269      23030.165      28.416394      28.474271      28.462659      2.1069431      0.11291202     0.097812293    0            
      1600   293.49081     -3425.6318      1283.0317      22942.771      28.418334      28.442134      28.384751      2.1149688      0.10974586     0.09929997     0            
      1700   291.99942     -3425.0406     -1783.4286      23181.442      28.538692      28.498333      28.502761      2.0931936      0.11391155     0.10275735     0            
      1800   305.25416     -3424.8271      665.91198      22983.971      28.427383      28.410929      28.457894      2.1111777      0.11939988     0.10006918     0            
      1900   297.89436     -3423.9395      941.28091      22974.851      28.411256      28.423765      28.449896      2.1120157      0.11950365     0.10855474     0            
      2000   291.66766     -3423.722      -1829.3126      23215.283      28.527932      28.516382      28.537063      2.0901423      0.12303977     0.10230756     0            
      2100   298.71435     -3422.9042      1112.6735      22995.685      28.44222       28.458539      28.409937      2.1101022      0.12062313     0.10933408     0            
      2200   298.87547     -3425.9175      344.01524      23019.181      28.426174      28.511898      28.401765      2.1079484      0.1191878      0.099999805    0            
      2300   304.31288     -3422.4564     -977.25034      23163.653      28.520782      28.499324      28.497783      2.0948011      0.11172892     0.097610092    0            
      2400   293.18002     -3424.2775      376.0675       23005.086      28.490847      28.360273      28.471351      2.10924        0.10916803     0.09845787     0            
      2500   310.37692     -3425.1659      1093.4667      22965.075      28.420706      28.464264      28.387885      2.1129148      0.11715875     0.09917268     0            
      2600   291.77197     -3423.3688     -1425.1655      23175.428      28.471172      28.603812      28.457615      2.0937368      0.11294936     0.10228007     0            
      2700   299.77501     -3426.0399      498.91059      22995.065      28.473772      28.391814      28.444382      2.1101591      0.11376756     0.094467494    0            
      2800   295.8699      -3425.8268      732.02422      22971.925      28.478536      28.392928      28.40989       2.1122848      0.11758901     0.1036261      0            
      2900   300.80381     -3423.8225     -1168.7924      23156.266      28.461063      28.583173      28.464725      2.0954694      0.11781644     0.10624837     0            
      3000   298.32749     -3424.239       434.68433      23023.589      28.399748      28.487404      28.458084      2.1075449      0.11582095     0.10124273     0            
      3100   288.24359     -3423.9706      403.51304      23020.352      28.444506      28.408946      28.48777       2.1078412      0.11520901     0.10056376     0            
      3200   299.2782      -3424.7532     -946.33256      23122.642      28.487869      28.480466      28.49905       2.0985165      0.11503551     0.097163601    0            
      3300   314.3327      -3424.0531      530.63917      23014.4        28.421369      28.48168       28.4308        2.1083863      0.11345406     0.10069727     0            
      3400   309.16383     -3422.9066      254.81304      23052.395      28.441205      28.463782      28.475768      2.1049113      0.1188861      0.10379918     0            
      3500   325.79811     -3424.7645     -988.24856      23146.868      28.506273      28.469657      28.521317      2.0963201      0.11546406     0.099281993    0            
      3600   308.96781     -3422.8875      855.74072      23023.69       28.454058      28.485083      28.406207      2.1075356      0.1196952      0.099035025    0            
      3700   299.60623     -3422.317      -260.03422      23111.034      28.445396      28.567457      28.440407      2.0995705      0.11651911     0.10123566     0            
      3800   295.34251     -3421.8943     -598.90271      23129.056      28.465974      28.485793      28.523548      2.0979346      0.11802681     0.099488246    0            
      3900   301.29516     -3422.925       1307.2741      22976.18       28.431558      28.399703      28.455312      2.1118936      0.12166958     0.10396022     0            
      4000   307.86575     -3426.0118     -876.34452      23120.071      28.493884      28.511779      28.458579      2.0987499      0.1047844      0.096315421    0            
      4100   304.36203     -3423.9022     -130.78963      23083.402      28.489229      28.506985      28.422864      2.1020838      0.10654118     0.093211293    0            
      4200   305.78825     -3425.2126      691.86208      22988.974      28.400601      28.42278       28.47905       2.1107182      0.11078817     0.092510397    0            
      4300   295.97667     -3424.9394     -577.05951      23105.342      28.458213      28.467267      28.520623      2.1000877      0.11094142     0.0985481      0            
      4400   305.14162     -3423.3889     -51.421143      23086.52       28.512861      28.4755        28.434547      2.1018         0.12123493     0.10291509     0            
      4500   293.38799     -3424.1785      481.73992      23018.293      28.486407      28.430708      28.421551      2.1080297      0.11600689     0.10351618     0            
      4600   281.40114     -3425.1864     -261.58164      23063.801      28.483124      28.440257      28.471461      2.1038703      0.11147445     0.097128556    0            
      4700   304.23262     -3426.5638      167.78983      23026.845      28.45842       28.451406      28.439366      2.1072468      0.1136416      0.099494207    0            
      4800   304.34551     -3423.6447      91.946142      23063.338      28.458426      28.489108      28.446736      2.1039126      0.11865281     0.10466525     0            
      4900   302.08139     -3423.32       -600.78195      23119.306      28.4694        28.504797      28.489086      2.0988194      0.11908469     0.1069041      0            
      5000   304.03565     -3425.7327      863.30564      22987.331      28.439416      28.425282      28.435645      2.1108691      0.11256498     0.10022957     0            
      5100   294.55403     -3423.9823      137.39199      23059.578      28.507197      28.439634      28.442832      2.1042556      0.11970994     0.10214142     0            
      5200   290.01854     -3423.3987     -1148.3316      23161.921      28.507107      28.529745      28.478921      2.0949577      0.10703337     0.10248044     0            
      5300   287.25742     -3422.9251      1478.4906      22954.787      28.383077      28.448438      28.428594      2.1138617      0.11777148     0.10800946     0            
      5400   303.98284     -3424.774      -321.3051       23071.53       28.487896      28.422661      28.493861      2.1031655      0.11955361     0.10658396     0            
      5500   304.32598     -3423.747      -1197.2626      23148.011      28.55097       28.443679      28.504081      2.0962166      0.11907812     0.10426816     0            
      5600   301.68403     -3423.6027      1805.4198      22927.903      28.394041      28.444711      28.388052      2.1163404      0.12179792     0.10513522     0            
      5700   299.11633     -3422.4371     -939.03057      23139.664      28.464802      28.544654      28.478958      2.0969728      0.11566946     0.1041278      0            
      5800   298.50981     -3423.2609     -930.85454      23153.502      28.559382      28.449643      28.496469      2.0957196      0.11582835     0.10319501     0            
      5900   308.48651     -3425.0139      1281.6681      22959.295      28.492039      28.367974      28.405779      2.1134467      0.11756415     0.099566404    0            
      6000   310.96822     -3425.4705     -837.92667      23123.68       28.474392      28.528751      28.465561      2.0984223      0.11201879     0.097244998    0            
      6100   286.33058     -3424.065      -325.99151      23068.145      28.447449      28.499817      28.452948      2.1034741      0.1107928      0.094168286    0            
      6200   299.70753     -3425.617       1482.8307      22938.973      28.460422      28.367164      28.412976      2.115319       0.10904699     0.095952157    0            
      6300   288.837       -3425.2875     -1081.267       23143.211      28.49147       28.486331      28.514925      2.0966515      0.1178037      0.10221202     0            
      6400   298.66305     -3423.7014     -27.549004      23069.259      28.410547      28.477785      28.513324      2.1033725      0.11267871     0.10337152     0            
      6500   310.54238     -3423.9138      964.09314      22978.547      28.452655      28.403992      28.432849      2.111676       0.10814409     0.10146732     0            
      6600   323.22441     -3421.7752     -781.81081      23166.295      28.595366      28.471978      28.453998      2.0945622      0.11446253     0.10011855     0            
      6700   302.66976     -3424.2472     -570.26302      23101.445      28.461867      28.492814      28.486587      2.100442       0.12459288     0.10662688     0            
      6800   280.74211     -3425.9361      1551.658       22912.742      28.325331      28.469391      28.413446      2.1177407      0.12231617     0.1085939      0            
      6900   291.66977     -3423.8441     -802.39897      23122.777      28.515444      28.482447      28.469678      2.0985043      0.12510893     0.10709731     0            
      7000   286.09477     -3425.84       -290.09591      23054.432      28.545017      28.387906      28.450556      2.1047253      0.11294508     0.10366166     0            
      7100   302.96885     -3425.556       1648.3246      22919.084      28.341288      28.434248      28.440414      2.1171547      0.11245289     0.10429813     0            
      7200   293.44265     -3423.769      -1514.4072      23184.419      28.434853      28.570553      28.5382        2.0929249      0.10973659     0.097360286    0            
      7300   310.03587     -3425.7444      39.750062      23048.887      28.534981      28.408659      28.432931      2.1052316      0.11459304     0.096364006    0            
      7400   299.8427      -3426.2575      1135.1834      22927.097      28.461486      28.364811      28.399559      2.1164147      0.11686788     0.10085231     0            
      7500   299.05182     -3422.8683     -785.82236      23143.314      28.42585       28.561369      28.50579       2.0966421      0.11360071     0.10220333     0            
      7600   299.60431     -3423.1849     -180.70701      23098.009      28.409781      28.514481      28.512886      2.1007545      0.11966133     0.10151376     0            
      7700   301.82081     -3425.7403      875.11304      22965.352      28.452979      28.388658      28.431547      2.1128893      0.11926733     0.096308013    0            
      7800   306.9082      -3424.1367     -405.26063      23096.427      28.526962      28.479364      28.42883       2.1008984      0.11249511     0.102181       0            
      7900   294.18918     -3423.9597     -370.03961      23098.661      28.414865      28.537739      28.485357      2.1006952      0.1136904      0.096065594    0            
      8000   304.51018     -3424.7315      772.21259      22989.848      28.375842      28.469837      28.457869      2.1106379      0.10911555     0.093043029    0            
      8100   298.04068     -3424.3411     -413.84017      23090.822      28.566122      28.412115      28.45015       2.1014083      0.1085586      0.096955059    0            
      8200   303.42911     -3424.9132     -167.29283      23067.482      28.531735      28.417337      28.450417      2.1035346      0.10763581     0.094224994    0            
      8300   290.31042     -3425.1675      732.32563      22985.738      28.352545      28.492445      28.453565      2.1110154      0.11098764     0.10049909     0            
      8400   297.1163      -3425.451      -391.34881      23090.231      28.447132      28.523815      28.456546      2.1014621      0.11248516     0.098335392    0            
      8500   299.50654     -3425.36       -493.61729      23075.786      28.567519      28.386741      28.455646      2.1027776      0.11067363     0.09823108     0            
      8600   294.60661     -3426.0793      455.47177      22983.578      28.461565      28.393773      28.440404      2.1112138      0.11967968     0.10031133     0            
      8700   295.18409     -3424.1742     -135.44362      23066.799      28.354682      28.551671      28.49253       2.1035969      0.12703355     0.11234346     0            
      8800   295.16349     -3423.3224     -565.68848      23107.735      28.472738      28.491638      28.484639      2.0998703      0.1171975      0.10287455     0            
      8900   287.9652      -3423.6006      640.65425      22985.207      28.516436      28.345178      28.436359      2.1110641      0.11303515     0.10074392     0            
      9000   301.40144     -3424.0626      40.479844      23050.625      28.452565      28.458968      28.467029      2.1050729      0.11430511     0.096443395    0            
      9100   298.90087     -3423.2407     -766.87232      23136.572      28.454371      28.549077      28.481178      2.097253       0.11553619     0.097829983    0            
      9200   299.96366     -3423.9992      629.89787      23005.828      28.459844      28.427072      28.436309      2.1091719      0.11676532     0.10183112     0            
      9300   283.00433     -3423.5093      85.196925      23035.022      28.495479      28.420946      28.442918      2.1064988      0.11487413     0.1043217      0            
      9400   295.78886     -3424.3801     -480.73992      23092.734      28.43505       28.526846      28.468697      2.1012344      0.11907989     0.10169634     0            
      9500   295.90475     -3424.8882      379.69876      23021.782      28.407615      28.464685      28.470676      2.1077103      0.11060769     0.10022096     0            
      9600   300.30115     -3424.8835      110.02901      23049.151      28.519729      28.39034       28.466819      2.1052076      0.10767765     0.09855645     0            
      9700   291.37452     -3423.8583     -253.00429      23070.394      28.523215      28.442149      28.437679      2.103269       0.12016868     0.099689547    0            
      9800   297.63308     -3427.4241      67.325933      23020.905      28.424681      28.47992       28.437278      2.1077906      0.11548331     0.095032103    0            
      9900   284.6258      -3425.5967     -153.32972      23040.302      28.439222      28.430017      28.49662       2.1060161      0.10892322     0.099510793    0            
     10000   292.55628     -3425.0829      160.43504      23051.067      28.498754      28.413485      28.466931      2.1050325      0.10633268     0.092801947    0            
     10100   295.49322     -3423.0742      85.568997      23066.241      28.482539      28.506836      28.408552      2.1036478      0.11314813     0.10129403     0            
     10200   309.11173     -3422.031       80.06052       23094.517      28.43148       28.528845      28.472475      2.1010721      0.11934419     0.10279135     0            
     10300   308.55014     -3424.0231     -204.19462      23082.627      28.459564      28.413135      28.545513      2.1021544      0.12283128     0.10145778     0            
     10400   298.54938     -3422.7723      560.7236       23022.3        28.467799      28.405146      28.470678      2.1076628      0.11611862     0.10417049     0            
     10500   305.52386     -3425.0966     -472.68079      23102.534      28.444547      28.544357      28.453804      2.100343       0.11488848     0.099789037    0            
     10600   309.79813     -3425.6004     -272.90495      23073.602      28.463415      28.470603      28.472901      2.1029767      0.10961195     0.098173177    0            
     10700   301.24657     -3424.4563      360.22922      23015.975      28.480295      28.36678       28.488846      2.1082421      0.12380805     0.10277146     0            
     10800   307.83082     -3424.3331     -562.24484      23102.066      28.511369      28.466883      28.463796      2.1003856      0.11388372     0.1083528      0            
     10900   312.3817      -3424.8754     -171.12058      23072.046      28.419202      28.574439      28.411653      2.1031185      0.12084034     0.10716324     0            
     11000   286.36875     -3424.9181      313.15363      23017.778      28.388753      28.477842      28.471477      2.1080769      0.11705098     0.11102088     0            
     11100   278.74684     -3425.1215     -556.14264      23070.209      28.529899      28.363744      28.509377      2.103286       0.11167007     0.10131484     0            
     11200   293.38298     -3425.3122      445.97432      23012.023      28.480528      28.459766      28.390656      2.1086041      0.11302558     0.10048131     0            
     11300   294.6895      -3423.161       323.52592      23048.125      28.371936      28.563693      28.440176      2.1053013      0.12160714     0.11137811     0            
     11400   299.88163     -3425.5914     -569.2728       23094.221      28.468837      28.429105      28.534509      2.1010991      0.11817564     0.10158255     0            
     11500   298.31477     -3424.9779      462.56086      23006.743      28.540893      28.350158      28.433617      2.109088       0.11531145     0.10304718     0            
     11600   307.92443     -3422.871      -25.706084      23081.35       28.473631      28.545352      28.397686      2.1022707      0.11245886     0.096689197    0            
     11700   301.94014     -3421.0348     -252.43298      23124.494      28.365923      28.606         28.49825       2.0983485      0.120686       0.10088548     0            
     11800   302.31989     -3423.0851      547.0529       23041.08       28.461789      28.400168      28.504914      2.105945       0.12155622     0.10719814     0            
     11900   296.16626     -3423.5446     -175.00588      23076.721      28.572385      28.395902      28.442773      2.1026924      0.12552548     0.10958199     0            
     12000   298.41334     -3423.2165     -422.25137      23092.713      28.438285      28.544325      28.448003      2.1012362      0.12088444     0.10195966     0            
     12100   293.96984     -3425.3351      345.36836      23023.87       28.325525      28.494113      28.526284      2.1075191      0.11059596     0.094685253    0            
     12200   311.80312     -3424.1078      40.836089      23067.13       28.500219      28.406185      28.492624      2.1035667      0.10579532     0.09678133     0            
     12300   308.39174     -3423.4809     -283.80841      23095.178      28.583625      28.446004      28.404212      2.101012       0.11516977     0.10162325     0            
     12400   305.79642     -3423.6277      147.52816      23051.609      28.428249      28.492325      28.459236      2.104983       0.11801828     0.09741104     0            
     12500   301.95797     -3425.2834      98.478824      23045.188      28.380183      28.459322      28.532545      2.1055695      0.11043961     0.097467668    0            
     12600   295.96735     -3426.1142     -98.742791      23062.701      28.500867      28.440979      28.451657      2.1039707      0.11148174     0.094927789    0            
     12700   285.86587     -3425.3439     -42.24038       23042.571      28.514656      28.498484      28.355743      2.1058087      0.11808029     0.10145568     0            
     12800   286.66184     -3425.8568      313.38118      23010.67       28.406949      28.479376      28.442922      2.1087281      0.1223037      0.10302041     0            
     12900   297.72964     -3424.375      -181.49561      23063.364      28.437844      28.437261      28.519258      2.1039102      0.11617411     0.10280306     0            
     13000   303.74456     -3423.7131     -26.209937      23070.796      28.479685      28.46232       28.461454      2.1032325      0.11415307     0.10030705     0            
     13100   302.05617     -3425.2859     -117.19541      23055.442      28.455219      28.496698      28.432625      2.1046331      0.11390914     0.09744836     0            
     13200   293.45462     -3424.7876      65.555836      23041.291      28.43239       28.439829      28.494855      2.1059257      0.11444113     0.10189983     0            
     13300   296.57672     -3425.3298     -37.49379       23039.724      28.460556      28.365626      28.539182      2.1060689      0.11574006     0.10086068     0            
     13400   292.51615     -3425.3463      49.482977      23020.647      28.483261      28.449513      28.408806      2.1078142      0.11645555     0.10302301     0            
     13500   287.6871      -3424.4698      233.36096      23035.294      28.42934       28.538597      28.391894      2.106474       0.1076996      0.10022538     0            
     13600   289.13429     -3423.4011     -547.31647      23093.873      28.473739      28.454069      28.504136      2.1011307      0.11711189     0.10072429     0            
     13700   293.68251     -3426.3666      114.75005      23008.657      28.478327      28.376533      28.471967      2.1089125      0.11729775     0.10203419     0            
     13800   294.1809      -3424.375       845.51814      22988.235      28.423446      28.477241      28.400827      2.1107861      0.11070991     0.10204778     0            
     13900   291.83827     -3424.7087     -1083.2327      23148.456      28.420151      28.564447      28.514768      2.0961763      0.11440965     0.090399578    0            
     14000   294.24569     -3424.7267      368.038        23014.009      28.432696      28.407254      28.493447      2.1084221      0.11288345     0.098976042    0            
     14100   300.24436     -3424.6714      559.88988      23007.967      28.549967      28.409423      28.366792      2.1089758      0.11224688     0.097979244    0            
     14200   293.83463     -3423.7093     -1027.9477      23146.198      28.492883      28.584342      28.419411      2.0963809      0.11365146     0.09535807     0            
     14300   299.4856      -3424.197       838.96251      22993.534      28.3132        28.507955      28.487261      2.1102997      0.10969526     0.10281226     0            
     14400   304.24848     -3424.8448      100.776        23036.804      28.473387      28.392811      28.495396      2.1063359      0.1156766      0.097096408    0            
     14500   291.98027     -3422.3316     -631.24485      23126.949      28.604233      28.424498      28.444298      2.0981257      0.11312469     0.092743086    0            
     14600   305.10222     -3424.5214      770.96039      23013.777      28.412592      28.490205      28.430302      2.1084434      0.11268616     0.094733235    0            
     14700   301.54302     -3425.7479     -400.39911      23063.768      28.345885      28.523981      28.525293      2.1038733      0.11000978     0.098728915    0            
     14800   299.25746     -3426.8015     -288.38674      23052.569      28.485769      28.404319      28.490956      2.1048954      0.11430831     0.095690682    0            
     14900   293.74682     -3424.2192      534.88237      23007.864      28.51677       28.39347       28.415644      2.1089853      0.11751635     0.10374833     0            
     15000   301.38659     -3423.3483     -334.16857      23100.642      28.446202      28.535236      28.458911      2.1005151      0.12154981     0.10668147     0            
     15100   311.98034     -3424.8291     -354.39592      23069.407      28.415107      28.480695      28.506017      2.1033591      0.12052545     0.10165243     0            
     15200   295.43443     -3424.2276      662.43         23001.36       28.476218      28.408207      28.433308      2.1095816      0.11167272     0.096095927    0            
     15300   288.02472     -3425.7497     -548.69751      23098.628      28.504841      28.497533      28.435462      2.1006982      0.10894227     0.091736145    0            
     15400   293.48767     -3425.5035      164.03707      23036.645      28.399808      28.4884        28.473166      2.1063504      0.11765798     0.09745795     0            
     15500   309.73756     -3424.7147      188.7035       23032.149      28.434121      28.426666      28.495005      2.1067616      0.11414166     0.098620714    0            
     15600   300.9483      -3424.2028     -812.58171      23132.69       28.522633      28.45468       28.502491      2.097605       0.11319576     0.10593547     0            
     15700   301.6277      -3423.5441      596.68866      23021.688      28.437616      28.436261      28.468953      2.1077189      0.11569987     0.097329037    0            
     15800   294.00037     -3423.7892      284.13095      23047.564      28.421259      28.47544       28.478118      2.1053525      0.11065672     0.098266098    0            
     15900   289.30879     -3424.4679     -957.83744      23122.706      28.505525      28.479347      28.482597      2.0985107      0.11382711     0.097199903    0            
     16000   296.70618     -3424.712       1077.2966      22967.503      28.499219      28.403015      28.373727      2.1126914      0.11797502     0.10129084     0            
     16100   281.96331     -3425.6728      23.625514      23048.244      28.458792      28.497714      28.419168      2.1052904      0.11877823     0.10286359     0            
     16200   297.16396     -3425.37       -863.40974      23134.593      28.436585      28.511774      28.533837      2.0974325      0.10886822     0.097317653    0            
     16300   299.56842     -3424.7734      751.54915      22991.594      28.460039      28.382871      28.462778      2.1104777      0.11330407     0.096863049    0            
     16400   304.42143     -3424.2735     -315.51151      23075.469      28.526272      28.467623      28.415435      2.1028065      0.1067652      0.09865927     0            
     16500   305.54895     -3423.8452     -855.26023      23136.681      28.450822      28.558375      28.475592      2.0972431      0.11727328     0.10217082     0            
     16600   301.71986     -3422.6705      1124.8709      22979.163      28.392147      28.442124      28.456006      2.1116194      0.12340295     0.10066761     0            
     16700   288.96104     -3421.9047     -445.79025      23093.698      28.531301      28.440392      28.460095      2.1011466      0.11618146     0.099008662    0            
     16800   301.11007     -3424.4454     -434.78016      23094.966      28.50707       28.476114      28.450115      2.1010313      0.11821153     0.097976959    0            
     16900   291.54176     -3425.083       1012.4852      22977.993      28.366867      28.471373      28.450657      2.1117269      0.11945948     0.096720122    0            
     17000   287.41298     -3424.1328     -680.25384      23105.176      28.462809      28.480242      28.502821      2.1001028      0.11037001     0.098208462    0            
     17100   303.36895     -3425.491       160.36094      23032.97       28.489963      28.420513      28.446323      2.1066865      0.10852678     0.09844414     0            
     17200   300.74832     -3426.0406      507.89034      23001.564      28.431732      28.449866      28.436348      2.1095629      0.10839603     0.096210591    0            
     17300   292.28348     -3422.1561     -550.64716      23124.744      28.433756      28.551011      28.485326      2.0983258      0.10748639     0.0974022      0            
     17400   317.02946     -3424.1694     -99.974109      23072.071      28.440983      28.514611      28.449492      2.1031162      0.10487715     0.091747665    0            
     17500   299.04321     -3424.3943      688.87052      23000.144      28.495904      28.395854      28.424523      2.1096932      0.11074901     0.098381096    0            
     17600   308.18288     -3422.8376     -570.24081      23123.154      28.501434      28.421557      28.545162      2.09847        0.12628703     0.10386438     0            
     17700   310.70148     -3424.6575     -158.94137      23068.571      28.392827      28.491608      28.516426      2.1034353      0.12261625     0.10706214     0            
     17800   304.12627     -3424.4684      954.64492      22976.076      28.418118      28.479653      28.388723      2.1119031      0.11344791     0.09930269     0            
     17900   295.49202     -3423.8399     -825.90495      23124.95       28.530743      28.444868      28.494681      2.0983071      0.10754087     0.097781051    0            
     18000   299.86965     -3424.2423     -84.889166      23070.192      28.439386      28.413572      28.549937      2.1032875      0.11061013     0.095052225    0            
     18100   300.28204     -3425.3017      662.3237       22970.642      28.382127      28.462488      28.435138      2.1124027      0.11674539     0.10267825     0            
     18200   307.8077      -3426.1181     -582.8333       23086.297      28.541373      28.484472      28.396919      2.1018203      0.11200268     0.09840735     0            
     18300   286.6403      -3422.9526      12.354462      23067.512      28.524391      28.420594      28.454517      2.1035319      0.117782       0.095029981    0            
     18400   294.33474     -3424.3881      408.93213      23011.298      28.368775      28.404609      28.556944      2.1086705      0.11200227     0.098883743    0            
     18500   303.66705     -3426.799      -256.02228      23052.666      28.394143      28.478775      28.508285      2.1048865      0.11227114     0.099069697    0            
     18600   294.10915     -3425.422       78.427368      23040.36       28.502905      28.494107      28.36907       2.1060108      0.11608766     0.098587382    0            
     18700   305.0078      -3426.7799     -112.90094      23054.295      28.493957      28.421789      28.467392      2.1047378      0.10741069     0.096113848    0            
     18800   292.64441     -3425.634      -117.73788      23054.899      28.398682      28.400855      28.584698      2.1046827      0.11457516     0.10165407     0            
     18900   293.32556     -3425.5587     -28.423081      23039.382      28.424664      28.453613      28.486433      2.1061001      0.11895643     0.10472247     0            
     19000   302.84828     -3424.767       259.31924      23043.461      28.521527      28.457553      28.390784      2.1057274      0.10960763     0.10318136     0            
     19100   294.85681     -3422.2635     -428.34257      23089.913      28.48358       28.483044      28.460421      2.1014911      0.12066546     0.10261672     0            
     19200   312.24778     -3424.885       406.01478      23029.128      28.389153      28.429898      28.533152      2.1070379      0.11826862     0.10059046     0            
     19300   303.43537     -3423.5664     -113.90688      23065.458      28.453673      28.474326      28.468874      2.1037192      0.11310431     0.097517396    0            
     19400   297.65773     -3423.3594     -19.312237      23087.376      28.496458      28.511295      28.416249      2.101722       0.11574683     0.10272096     0            
     19500   298.77595     -3424.5208     -167.25113      23071.866      28.425332      28.517258      28.462262      2.1031349      0.11368268     0.098305159    0            
     19600   307.76614     -3425.0591      308.23484      23030.19       28.40108       28.473084      28.479224      2.1069408      0.11385832     0.097913841    0            
     19700   292.12523     -3424.8324     -171.46307      23060.659      28.457543      28.454884      28.478525      2.104157       0.11980232     0.098680032    0            
     19800   294.62546     -3423.8999     -26.139337      23061.883      28.497017      28.431736      28.463741      2.1040453      0.11611122     0.10551149     0            
     19900   294.39064     -3424.7442     -45.678972      23046.8        28.473358      28.423933      28.476578      2.1054222      0.10918734     0.09895211     0            
     20000   292.96902     -3422.8223      410.72952      23043.61       28.422788      28.448815      28.498347      2.1057137      0.11404054     0.098109895    0            
Loop time of 1281.26 on 24 procs for 20000 steps with 1000 atoms
