       100   100.6036      -3452.1959      44.998176      22720.348      28.295164      28.329086      28.344592      2.1356736      0.034776434    0.026792872    0            
       200   97.14376      -3452.9365      27.01004       22716.844      28.341086      28.322951      28.300428      2.1360029      0.032975438    0.028761214    0            
       300   94.748888     -3452.8836     -45.242676      22718.155      28.293035      28.325247      28.34783       2.1358797      0.033517769    0.028098798    0            
       400   100.23702     -3452.3063     -46.522357      22727.993      28.352565      28.321387      28.304416      2.1349552      0.034266924    0.030011355    0            
       500   101.1076      -3452.8651      247.46635      22702.142      28.283969      28.316345      28.345836      2.1373862      0.033440834    0.031244497    0            
       600   99.592831     -3452.5063     -267.31027      22740.837      28.359935      28.331503      28.302944      2.1337493      0.03714289     0.032703623    0            
       700   103.19884     -3452.7182     -1.7262969      22720.89       28.288678      28.328247      28.352606      2.1356227      0.040050173    0.033521983    0            
       800   98.960439     -3452.8719      207.83629      22701.857      28.345593      28.313714      28.286487      2.1374131      0.039465219    0.034355067    0            
       900   94.880313     -3452.7267     -470.45647      22753.649      28.303345      28.33327       28.37374       2.1325479      0.037638569    0.033019236    0            
      1000   97.143724     -3452.49        444.79358      22690.812      28.344043      28.307777      28.2802        2.1384535      0.037105385    0.032687048    0            
      1100   93.267163     -3453.0261     -37.106768      22716          28.291378      28.315434      28.356625      2.1360823      0.038061018    0.031516264    0            
      1200   94.745122     -3452.9128     -514.99164      22755.216      28.377651      28.340939      28.293735      2.132401       0.03690286     0.031685444    0            
      1300   98.59516      -3452.7725      854.3997       22658.926      28.262077      28.288843      28.341319      2.1414628      0.037559025    0.032461504    0            
      1400   102.96891     -3452.5246     -574.7875       22770.665      28.388574      28.348364      28.294637      2.1309543      0.037029405    0.032866806    0            
      1500   99.239295     -3452.4622      200.10022      22709.313      28.272952      28.32048       28.361697      2.1367114      0.037007287    0.031358016    0            
      1600   98.996755     -3452.4766      450.55522      22690.059      28.355172      28.307532      28.268407      2.1385245      0.034342092    0.029484038    0            
      1700   101.43968     -3452.5914     -731.09871      22777.666      28.304772      28.348532      28.386966      2.1302994      0.037888749    0.031348526    0            
      1800   99.539507     -3452.5368      743.15208      22669.12       28.345741      28.291402      28.267824      2.1404998      0.036891568    0.034229512    0            
      1900   101.95781     -3452.4108     -167.31907      22738.95       28.285477      28.331761      28.374834      2.1339264      0.035917039    0.031692129    0            
      2000   100.61568     -3452.7474     -338.02898      22745.26       28.380542      28.331623      28.287774      2.1333344      0.036816524    0.029301043    0            
      2100   100.6135      -3452.0389      506.80471      22686.967      28.264653      28.308803      28.353801      2.1388159      0.036891313    0.032789169    0            
      2200   101.60878     -3452.5723     -420.47422      22752.47       28.380791      28.329187      28.298925      2.1326584      0.037947351    0.031941704    0            
      2300   100.56807     -3453.1292      132.2538       22709.735      28.282003      28.313869      28.359768      2.1366717      0.037999802    0.0334509      0            
      2400   99.106168     -3452.075       173.9962       22714.243      28.364638      28.314518      28.282112      2.1362476      0.038301519    0.032252246    0            
      2500   99.278431     -3451.9975     -353.9633       22755.185      28.298266      28.338375      28.375636      2.1324039      0.038221392    0.034727791    0            
      2600   101.94762     -3452.4702      431.23185      22690.12       28.345041      28.311722      28.274402      2.1385187      0.037795392    0.03371831     0            
      2700   96.968264     -3452.5183     -336.27685      22743.313      28.29938       28.33433       28.363764      2.133517       0.037630338    0.032333355    0            
      2800   103.92001     -3452.4089      33.414776      22720.411      28.363008      28.313497      28.292438      2.1356677      0.035594574    0.031825487    0            
      2900   103.14207     -3452.7939      354.8806       22692.149      28.275161      28.312202      28.346333      2.1383275      0.039373627    0.032688597    0            
      3000   98.972019     -3452.7397     -652.09339      22763.46       28.374177      28.333152      28.315231      2.1316288      0.036971203    0.032366926    0            
      3100   102.23031     -3452.8538      593.31827      22676.847      28.262         28.320455      28.332152      2.1397704      0.037901595    0.03293828     0            
      3200   95.819636     -3451.9991     -174.90646      22737.327      28.36653       28.316105      28.307381      2.1340787      0.038231679    0.032263423    0            
      3300   97.924698     -3452.5011     -296.98356      22743.074      28.294662      28.350248      28.352267      2.1335394      0.039690453    0.034029389    0            
      3400   92.121689     -3452.4682      752.28734      22661.339      28.32791       28.285363      28.281945      2.1412348      0.038646878    0.034081261    0            
      3500   97.024032     -3452.5784     -633.82313      22768.233      28.31218       28.354029      28.362287      2.1311819      0.038846134    0.034271301    0            
      3600   101.31914     -3452.6321      333.41966      22698.577      28.346375      28.306002      28.289323      2.137722       0.038447918    0.035233908    0            
      3700   101.55326     -3452.4227      239.24345      22705.482      28.276249      28.328019      28.346061      2.1370718      0.043640915    0.035536129    0            
      3800   95.207572     -3452.3426     -575.98286      22762.002      28.380774      28.323298      28.316684      2.1317653      0.040079965    0.03626459     0            
      3900   99.531218     -3452.4918      452.8379       22689.66       28.277354      28.322962      28.330259      2.1385621      0.039697574    0.033745902    0            
      4000   99.997158     -3452.6554     -161.03585      22738.05       28.37689       28.321913      28.292143      2.1340109      0.037237092    0.0338826      0            
      4100   97.841183     -3452.0292     -114.39033      22731.443      28.290891      28.332918      28.358879      2.1346312      0.038956855    0.033233931    0            
      4200   101.06993     -3452.2798      249.9049       22706.03       28.347514      28.320635      28.282855      2.1370202      0.039789373    0.035032883    0            
      4300   100.54619     -3452.1477     -234.0631       22739.553      28.303887      28.326339      28.362557      2.1338698      0.041214333    0.034030394    0            
      4400   100.77907     -3452.6639      182.5404       22708.686      28.327648      28.323762      28.302874      2.1367703      0.036491038    0.034069928    0            
      4500   100.0286      -3451.9116      57.875852      22724.86       28.312755      28.320999      28.340696      2.1352495      0.039519001    0.034382654    0            
      4600   101.39153     -3452.5994     -184.54608      22735.68       28.340491      28.339876      28.307572      2.1342334      0.039704395    0.034367702    0            
      4700   98.251611     -3452.6802      215.74244      22699.671      28.309617      28.306957      28.326466      2.1376189      0.040740763    0.0355979      0            
      4800   102.8749      -3452.8666     -161.31687      22731.264      28.332935      28.339517      28.309981      2.1346479      0.039103703    0.034891611    0            
      4900   101.28819     -3452.047      -20.493034      22726.434      28.328371      28.310751      28.337289      2.1351016      0.039172724    0.03436714     0            
      5000   103.61643     -3452.8366      348.37766      22695.354      28.305894      28.332688      28.299079      2.1380255      0.038468838    0.033045752    0            
      5100   100.53657     -3452.2975     -544.46879      22765.57       28.344891      28.317738      28.362543      2.1314312      0.038918513    0.033073798    0            
      5200   101.35539     -3452.6443      392.99721      22693.372      28.303602      28.346953      28.284658      2.1382122      0.037314313    0.033094938    0            
      5300   104.46654     -3452.6398     -16.658704      22725.682      28.32259       28.299613      28.353291      2.1351723      0.036877609    0.032240581    0            
      5400   104.6405      -3453.1311     -320.48112      22746.968      28.330891      28.374272      28.29688       2.1331743      0.034084492    0.031298633    0            
      5500   93.706035     -3452.3718      553.58131      22679.048      28.30635       28.267573      28.343432      2.1395627      0.03607336     0.03158448     0            
      5600   102.73709     -3453.0541     -602.58036      22767.27       28.34582       28.381526      28.299985      2.1312721      0.036203543    0.030802689    0            
      5700   97.624772     -3451.7857      272.32828      22707.184      28.314481      28.271916      28.366087      2.1369117      0.038858236    0.033423077    0            
      5800   101.39232     -3452.235       447.10993      22689.897      28.312827      28.351648      28.26643       2.1385398      0.040321394    0.035495878    0            
      5900   98.072306     -3452.3209     -793.31402      22774.72       28.339017      28.302464      28.39514       2.1305749      0.042964009    0.036455329    0            
      6000   101.38551     -3452.2627      630.801        22675.238      28.309473      28.34654       28.256607      2.1399223      0.04191583     0.035009644    0            
      6100   99.035426     -3451.7859      31.996088      22726.704      28.316917      28.288754      28.371131      2.1350763      0.038122675    0.03474256     0            
      6200   98.017285     -3452.4141     -366.11324      22751.589      28.343189      28.362694      28.301898      2.132741       0.036271556    0.030065149    0            
      6300   99.389185     -3452.5732      639.8494       22672.132      28.298201      28.275885      28.334616      2.1402154      0.037370624    0.030221521    0            
      6400   98.569238     -3452.6654     -441.13032      22753.068      28.338265      28.365886      28.305469      2.1326024      0.033044063    0.029580838    0            
      6500   99.620043     -3452.1361      138.82791      22715.402      28.311995      28.300825      28.349857      2.1361385      0.037229872    0.030468588    0            
      6600   102.04857     -3452.8987      303.4196       22697.138      28.325018      28.328786      28.286092      2.1378575      0.03517285     0.030977046    0            
      6700   97.859884     -3452.5723     -519.10944      22759.544      28.327923      28.32779       28.361953      2.1319955      0.036710803    0.032252325    0            
      6800   98.056036     -3452.5993      429.34354      22686.571      28.321861      28.314183      28.290657      2.1388532      0.03646589     0.030870872    0            
      6900   96.47519      -3452.6763     -109.68949      22728.123      28.32482       28.316289      28.337405      2.134943       0.036973753    0.031741475    0            
      7000   96.099384     -3452.5025     -177.99519      22732.626      28.337         28.336884      28.310247      2.13452        0.037235538    0.031305826    0            
      7100   101.26308     -3453.1636      355.01235      22693.011      28.306625      28.303945      28.324162      2.1382463      0.036677071    0.032121442    0            
      7200   96.756954     -3452.0049     -379.17059      22751.569      28.344114      28.344952      28.318663      2.1327428      0.037989697    0.034918807    0            
      7300   103.42784     -3452.3282      106.90069      22719.002      28.312223      28.314204      28.340722      2.1358001      0.040747076    0.036652417    0            
      7400   99.671851     -3452.7132      402.89075      22692.899      28.317788      28.318295      28.298508      2.1382569      0.041041347    0.037158825    0            
      7500   98.407933     -3452.0447     -481.03424      22759.905      28.329155      28.322531      28.366436      2.1319617      0.041132541    0.037377715    0            
      7600   100.34315     -3452.8802      409.01639      22689.414      28.322214      28.320902      28.287138      2.1385853      0.040845413    0.035762867    0            
      7700   97.752076     -3452.3476     -91.033592      22729.17       28.315426      28.31377       28.350635      2.1348446      0.040623194    0.036514312    0            
      7800   98.856843     -3452.7399     -287.30803      22742.624      28.342535      28.342973      28.311081      2.1335817      0.037730656    0.032356735    0            
      7900   100.30682     -3452.2196      437.18646      22693.295      28.29712       28.293954      28.344036      2.1382195      0.037890294    0.033739871    0            
      8000   98.993404     -3452.4691     -330.02396      22749.755      28.350273      28.349558      28.305654      2.1329129      0.039220603    0.032105647    0            
      8100   96.736504     -3452.333       96.318817      22710.966      28.303612      28.301073      28.352467      2.1365558      0.039733876    0.035818495    0            
      8200   101.23716     -3453.0084      193.31742      22706.748      28.340905      28.327013      28.283974      2.1369527      0.038693563    0.034117294    0            
      8300   100.31619     -3452.224      -374.85317      22749.716      28.311788      28.323376      28.370282      2.1329166      0.043434926    0.036775356    0            
      8400   102.76339     -3452.2396      318.73052      22700.253      28.344747      28.317148      28.281901      2.1375641      0.042475776    0.039388815    0            
      8500   98.674213     -3452.611      -39.171419      22717.989      28.298312      28.31272       28.354877      2.1358953      0.041927563    0.037307183    0            
      8600   100.3474      -3452.548      -418.91579      22751.288      28.359614      28.349052      28.298743      2.1327692      0.040282718    0.032564462    0            
      8700   97.535786     -3452.3123      641.96239      22675.657      28.280587      28.291067      28.341455      2.1398827      0.036352975    0.034015754    0            
      8800   97.364108     -3452.6862     -585.00466      22767.253      28.363316      28.353051      28.310911      2.1312736      0.034265708    0.030907882    0            
      8900   100.10497     -3453.1922      120.06601      22709.193      28.288423      28.303674      28.362868      2.1367226      0.034685305    0.03156318     0            
      9000   101.25322     -3453.0412      448.69075      22682.744      28.343754      28.312401      28.265815      2.1392141      0.037299692    0.033036256    0            
      9100   95.417931     -3452.5701     -912.78612      22787.271      28.317775      28.341706      28.392733      2.1294014      0.037498278    0.032973447    0            
      9200   98.99421      -3452.8234      696.55726      22669.159      28.340198      28.30671       28.258111      2.140496       0.03798322     0.032829477    0            
      9300   96.52657      -3452.2027     -88.596908      22727.806      28.295607      28.323664      28.358879      2.1349727      0.038551242    0.033896233    0            
      9400   97.176059     -3452.2898     -399.85154      22752.721      28.371098      28.339788      28.298317      2.1326349      0.035325488    0.03168192     0            
      9500   98.182794     -3452.3464      764.30038      22665.593      28.255113      28.306337      28.339121      2.1408329      0.035127424    0.03139179     0            
      9600   100.44412     -3452.85       -625.91567      22768.167      28.380301      28.336923      28.311206      2.1311881      0.034028118    0.030286144    0            
      9700   104.21584     -3453.4224      288.55585      22698.551      28.280798      28.323526      28.337346      2.1377244      0.03395123     0.028976634    0            
      9800   101.56295     -3452.2533      86.62728       22720.032      28.357862      28.304646      28.305951      2.1357032      0.035812113    0.030299666    0            
      9900   97.285777     -3452.3865     -524.00155      22761.306      28.309836      28.35353       28.356504      2.1318305      0.035952431    0.030761275    0            
     10000   99.944929     -3452.3786      599.07849      22677.779      28.326008      28.298346      28.291377      2.1396825      0.03905521     0.033921654    0            
     10100   101.80441     -3452.5303     -342.35327      22750.497      28.32038       28.337772      28.348241      2.1328433      0.038155528    0.034909607    0            
     10200   100.15541     -3452.2703     -11.630775      22722.533      28.345031      28.313115      28.313409      2.1354681      0.03952383     0.033749553    0            
     10300   97.023177     -3452.1398      462.37651      22686.817      28.287387      28.323446      28.316179      2.13883        0.0389764      0.034568939    0            
     10400   98.924382     -3452.9994     -604.32137      22764.267      28.365072      28.32037       28.338109      2.1315532      0.038429566    0.033963031    0            
     10500   98.83644      -3452.2402      488.76824      22682.005      28.278174      28.327497      28.315346      2.1392838      0.038880118    0.034008769    0            
     10600   98.990709     -3452.5388     -132.90577      22728.519      28.363421      28.292671      28.322956      2.1349058      0.038283514    0.033022079    0            
     10700   102.70229     -3452.2946     -318.57365      22745.394      28.306992      28.36656       28.326511      2.1333218      0.036488194    0.032633995    0            
     10800   103.70978     -3452.7984      648.76309      22674.471      28.32588       28.276268      28.309465      2.1399946      0.037503668    0.031246022    0            
     10900   96.20828      -3452.1996     -678.38407      22769.041      28.313247      28.37816       28.338107      2.1311063      0.039111364    0.033638683    0            
     11000   99.305759     -3452.7252      240.45202      22698.422      28.335143      28.285816      28.320541      2.1377366      0.039497301    0.034390652    0            
     11100   103.04853     -3453.0625      221.39366      22702.877      28.302995      28.338374      28.305679      2.137317       0.038280528    0.032104127    0            
     11200   99.339819     -3452.5599     -658.34297      22770.808      28.361371      28.32096       28.34936       2.1309409      0.037687632    0.034981962    0            
     11300   101.7615      -3452.6683      825.45162      22664.471      28.298263      28.316895      28.283959      2.1409388      0.038335034    0.034401527    0            
     11400   102.73457     -3452.7591     -488.45776      22755.834      28.335093      28.320332      28.35762       2.1323431      0.038875814    0.03442602     0            
     11500   97.281187     -3452.4826     -217.27535      22733.743      28.3238        28.35963       28.302113      2.1344152      0.040870124    0.036420709    0            
     11600   100.87379     -3452.6879      710.17525      22670.264      28.299168      28.272243      28.334963      2.1403918      0.040829663    0.036242841    0            
     11700   103.47586     -3452.5028     -833.43245      22788.816      28.356184      28.380471      28.317465      2.129257       0.039973452    0.036220445    0            
     11800   98.085242     -3452.279       456.95445      22690.497      28.300743      28.290436      28.340436      2.1384832      0.039866847    0.035174035    0            
     11900   102.56594     -3452.6615      85.649959      22716.859      28.327088      28.341287      28.296113      2.1360016      0.03763755     0.032429203    0            
     12000   98.412887     -3452.4        -554.97011      22765.832      28.334564      28.317774      28.373171      2.1314067      0.038173453    0.033695775    0            
     12100   100.82411     -3452.9988      651.99088      22673.325      28.312623      28.31839       28.279164      2.1401028      0.038977069    0.033531097    0            
     12200   92.59911      -3452.6026     -392.76313      22748.318      28.330188      28.312395      28.361109      2.1330477      0.038854579    0.034882417    0            
     12300   98.427713     -3453.0709     -18.704159      22717.593      28.324453      28.337052      28.303889      2.1359326      0.039971529    0.034422751    0            
     12400   97.622206     -3452.8842      310.77898      22691.747      28.306674      28.301512      28.324969      2.1383654      0.042027313    0.037708259    0            
     12500   97.779128     -3452.4144     -469.15355      22753.809      28.340973      28.340225      28.329314      2.1325329      0.043265503    0.037950681    0            
     12600   99.772679     -3453.0222      381.27744      22691.56       28.308449      28.295576      28.328902      2.138383       0.041890949    0.039037152    0            
     12700   95.910266     -3452.5604     -34.256086      22719.704      28.32261       28.331643      28.313766      2.1357341      0.042361684    0.036793669    0            
     12800   97.198805     -3451.8241     -320.98999      22748.107      28.333915      28.328257      28.341239      2.1330674      0.039682173    0.035646374    0            
     12900   101.10656     -3452.5615      554.96701      22678.883      28.302672      28.308478      28.305947      2.1395783      0.038172959    0.033895817    0            
     13000   98.280579     -3451.8247     -440.62329      22759.501      28.347846      28.335768      28.333987      2.1319996      0.040745126    0.034099059    0            
     13100   99.273333     -3453.0657      113.08056      22709.695      28.306277      28.330732      28.318533      2.1366754      0.03612126     0.032159809    0            
     13200   102.49695     -3453.0256      188.05646      22704.748      28.325768      28.306374      28.317229      2.1371409      0.034975585    0.030196545    0            
     13300   97.838081     -3452.239      -363.35435      22754.482      28.325903      28.348586      28.336864      2.1324698      0.036192567    0.029768734    0            
     13400   99.395386     -3452.36        582.95438      22678.55       28.310849      28.298974      28.30686       2.1396098      0.036604517    0.031390116    0            
     13500   104.00919     -3452.0724     -386.51577      22757.207      28.328069      28.348634      28.338042      2.1322145      0.036246599    0.032829809    0            
     13600   97.926997     -3451.9657      65.352093      22721.695      28.331275      28.310475      28.328752      2.135547       0.038701772    0.030953676    0            
     13700   102.96845     -3452.5189      366.42633      22696.419      28.321122      28.317479      28.300381      2.1379252      0.036153044    0.030354653    0            
     13800   104.38419     -3452.3877     -533.57734      22766.631      28.341427      28.33632       28.348729      2.1313319      0.034998018    0.032207647    0            
     13900   101.11093     -3452.317       450.49478      22691.917      28.316121      28.319967      28.29728       2.1383493      0.03667779     0.033121134    0            
     14000   100.25981     -3452.2825     -101.67098      22731.813      28.323407      28.310551      28.349165      2.1345964      0.03780716     0.031959408    0            
     14100   101.86689     -3452.6646     -250.03527      22737.722      28.328647      28.354081      28.307762      2.1340417      0.036811265    0.032425623    0            
     14200   96.547386     -3453.0801      486.19921      22681.869      28.301621      28.288448      28.330772      2.1392967      0.036587622    0.032219815    0            
     14300   99.741464     -3452.8283     -536.00981      22758.99       28.33352       28.364279      28.319183      2.1320474      0.038077929    0.03357007     0            
     14400   100.05474     -3453.3238      380.47658      22687.397      28.310869      28.277213      28.339675      2.1387754      0.038271458    0.033146975    0            
     14500   100.80628     -3452.6925      6.566371       22720.075      28.317331      28.367675      28.283536      2.1356992      0.040571401    0.033814593    0            
     14600   100.98187     -3453.0522     -469.359        22755.08       28.333162      28.296716      28.38228       2.1324138      0.037832637    0.032992249    0            
     14700   97.043001     -3452.1553      646.16257      22674.123      28.299408      28.340558      28.271233      2.1400275      0.039642862    0.033302079    0            
     14800   99.505695     -3453.4296     -591.44904      22762.545      28.342433      28.297562      28.381455      2.1317145      0.036787395    0.032777098    0            
     14900   98.668019     -3452.6501     -24.234189      22721.794      28.32273       28.362992      28.284952      2.1355377      0.03680233     0.033090831    0            
     15000   103.26998     -3452.5617      518.77231      22685.871      28.309655      28.262985      28.353251      2.1389193      0.03689137     0.030608807    0            
     15100   95.814717     -3452.5191     -593.28829      22765.36       28.335344      28.392707      28.296924      2.1314509      0.033667999    0.031934319    0            
     15200   98.452674     -3452.8376      438.83         22685.983      28.310207      28.261285      28.354542      2.1389087      0.035614678    0.029598064    0            
     15300   99.86011      -3452.4288     -82.570723      22729.03       28.320989      28.382902      28.27585       2.1348578      0.035452636    0.030924139    0            
     15400   98.745508     -3452.2874     -300.48787      22746.704      28.342075      28.278044      28.381638      2.133199       0.035492409    0.030645       0            
     15500   102.53992     -3452.6802      632.69484      22674.874      28.294148      28.36234       28.255708      2.1399566      0.036869379    0.031923022    0            
     15600   103.61412     -3452.0732     -513.79499      22768.942      28.351456      28.286122      28.391875      2.1311156      0.037267937    0.033887643    0            
     15700   105.19828     -3452.3928      291.98978      22708.859      28.317013      28.372646      28.264938      2.136754       0.03991711     0.033141298    0            
     15800   103.50343     -3452.4145      193.17737      22712.121      28.323883      28.271661      28.363093      2.1364472      0.036095769    0.032504791    0            
     15900   98.930412     -3451.8274     -489.28752      22763.194      28.334774      28.38711       28.30038       2.1316537      0.039269717    0.032223417    0            
     16000   97.87781      -3452.3946      623.99545      22676.842      28.307319      28.2619        28.345393      2.1397709      0.036205653    0.032585379    0            
     16100   104.14047     -3452.4362     -365.40472      22752.837      28.334387      28.37751       28.297459      2.132624       0.038141963    0.032597025    0            
     16200   101.38901     -3452.6296     -99.295271      22729.147      28.329792      28.290481      28.359557      2.1348467      0.035942075    0.031991128    0            
     16300   101.32786     -3452.9468      410.67672      22687.584      28.297607      28.349612      28.280782      2.1387578      0.03571672     0.03077366     0            
     16400   96.908967     -3451.9957     -579.88651      22766.795      28.351687      28.308633      28.366392      2.1313165      0.035311423    0.031044534    0            
     16500   99.466394     -3452.3976      464.42057      22684.082      28.303796      28.333184      28.286625      2.139088       0.03772634     0.030798997    0            
     16600   100.27251     -3452.0988     -116.14254      22734.603      28.330412      28.307258      28.348931      2.1343345      0.039251762    0.03368458     0            
     16700   97.345675     -3453.1537     -284.36421      22736.47       28.329009      28.350141      28.309776      2.1341592      0.037559113    0.032884935    0            
     16800   98.978487     -3452.3427      354.10771      22692.272      28.313369      28.289288      28.331164      2.1383159      0.041339191    0.03437414     0            
     16900   97.81547      -3452.4236     -183.292        22739.189      28.326029      28.352158      28.314127      2.133904       0.036564761    0.032870336    0            
     17000   100.90379     -3452.2803      6.3943437      22722.492      28.331671      28.295613      28.34423       2.135472       0.034515545    0.030664924    0            
     17100   97.648655     -3452.4818      109.29048      22711.876      28.309801      28.342372      28.306098      2.1364702      0.035956445    0.031325053    0            
     17200   98.7326       -3453.0545     -178.25528      22727.909      28.336508      28.300488      28.341265      2.134963       0.034739876    0.029823558    0            
     17300   100.31271     -3452.671       129.10294      22714.958      28.303429      28.352294      28.306402      2.1361803      0.03403001     0.031155613    0            
     17400   97.090098     -3452.443       111.69974      22715.971      28.343689      28.293029      28.326668      2.136085       0.038377445    0.032325913    0            
     17500   101.76893     -3452.2929     -118.3958       22736.947      28.303672      28.36752       28.318353      2.1341144      0.039299506    0.033763345    0            
     17600   99.306351     -3452.8224      166.79461      22706.91       28.335033      28.286796      28.33026       2.1369374      0.037756053    0.033211431    0            
     17700   104.47084     -3452.5144     -124.39261      22733.546      28.309868      28.362002      28.313429      2.1344337      0.038315755    0.035714308    0            
     17800   95.757481     -3452.8705      205.11063      22700.854      28.333766      28.279773      28.331004      2.1375075      0.03852421     0.031909599    0            
     17900   101.14338     -3453.0137     -223.19741      22737.606      28.309131      28.365272      28.315957      2.1340526      0.035746072    0.031778024    0            
     18000   100.1297      -3452.7531      9.2912046      22720.325      28.340126      28.295148      28.333538      2.1356757      0.039269434    0.033748733    0            
     18100   97.107228     -3452.646       185.66892      22704.517      28.302176      28.340594      28.306325      2.1371627      0.038921438    0.035197697    0            
     18200   97.445034     -3453.0424     -466.83542      22751.878      28.361226      28.29588       28.351042      2.1327139      0.037949129    0.031142581    0            
     18300   97.116739     -3452.2083      393.64324      22694.1        28.28581       28.347565      28.302746      2.1381437      0.037865222    0.032725079    0            
     18400   105.55602     -3452.4226     -77.172584      22733.124      28.350371      28.292313      28.342093      2.1344733      0.035982704    0.031145901    0            
     18500   101.25206     -3452.7488     -130.63328      22734.892      28.304453      28.366913      28.315618      2.1343073      0.036941893    0.03089986     0            
     18600   98.590145     -3452.589       326.69478      22700.504      28.337804      28.274556      28.331758      2.1375404      0.035233916    0.031424197    0            
     18700   103.03454     -3452.6512     -484.87795      22758.253      28.312096      28.38024       28.323755      2.1321165      0.037477361    0.034454214    0            
     18800   103.16688     -3453.0266      333.00254      22696.859      28.337523      28.260796      28.34128       2.1378838      0.038215105    0.03371628     0            
     18900   98.87371      -3452.58        9.9492774      22720.276      28.286695      28.385289      28.296849      2.1356803      0.037333681    0.032567731    0            
     19000   100.04716     -3452.7216     -366.67383      22745.886      28.359457      28.280451      28.36081       2.1332757      0.037511384    0.031646517    0            
     19100   103.49001     -3452.8235      503.13085      22686.538      28.277872      28.367577      28.281292      2.1388564      0.03469023     0.029849052    0            
     19200   97.739925     -3452.2133     -356.77241      22749.253      28.366585      28.270432      28.36793       2.13296        0.03726132     0.032741985    0            
     19300   100.67119     -3452.1458      20.937175      22725.163      28.297311      28.380739      28.296853      2.1352211      0.036553442    0.031276357    0            
     19400   97.905939     -3452.7779      289.50072      22700.842      28.350045      28.257458      28.337083      2.1375086      0.035653334    0.031911721    0            
     19500   92.904658     -3452.8503     -402.99842      22750.145      28.303289      28.383958      28.318765      2.1328763      0.036000354    0.032682798    0            
     19600   100.12265     -3452.4855      279.29698      22701.656      28.351026      28.268036      28.326513      2.137432       0.035804492    0.030640927    0            
     19700   98.245606     -3452.0961     -84.322225      22731.685      28.294732      28.374383      28.313895      2.1346084      0.037318482    0.031052516    0            
     19800   100.65596     -3452.5137     -77.393602      22727.472      28.359049      28.284885      28.333815      2.1350041      0.036193658    0.033537201    0            
     19900   100.24067     -3452.8688      282.6195       22702.447      28.279776      28.358302      28.308475      2.1373576      0.037814426    0.030634215    0            
     20000   94.202708     -3452.3713     -231.35686      22742.511      28.37094       28.285056      28.340509      2.1335923      0.036246822    0.033280362    0            
Loop time of 1260.34 on 24 procs for 20000 steps with 1000 atoms
